0.900884
0.920283
1.79769e+308
0.88351
0.883644
0.899198
0.867623
0.876178
0.912761
1.79769e+308
0.889023
0.923389
0.919616
1.79769e+308
0.852754
0.919516
0.886135
0.878112
0.907188
1.79769e+308
0.886169
0.936555
1.79769e+308
0.859662
1.79769e+308
1.79769e+308
1.79769e+308
1.79769e+308
0.907894
1.79769e+308
0.893288
1.79769e+308
1.79769e+308
1.79769e+308
1.79769e+308
0.924101
0.887142
1.79769e+308
1.79769e+308
0.89639
1.79769e+308
1.79769e+308
0.922724
0.900922
1.79769e+308
0.908633
1.79769e+308
1.79769e+308
1.79769e+308
0.897195
0.88274
1.79769e+308
1.79769e+308
1.79769e+308
1.79769e+308
1.79769e+308
0.895568
0.914526
1.79769e+308
0.899182
0.890919
0.890009
1.79769e+308
1.79769e+308
1.79769e+308
1.79769e+308
0.907319
0.882682
1.79769e+308
1.79769e+308
0.913821
0.905316
0.892011
0.883298
0.909922
0.960444
1.79769e+308
1.79769e+308
0.916346
1.79769e+308
1.79769e+308
0.905023
0.890847
0.924123
1.79769e+308
0.921244
1.79769e+308
0.901406
1.79769e+308
0.892226
0.892509
0.903266
0.873254
0.903016
1.79769e+308
0.921032
0.877041
1.79769e+308
1.79769e+308
1.79769e+308
1.79769e+308
0.939081
0.876981
0.942825
0.908982
1.79769e+308
0.885995
0.897832
1.79769e+308
0.870285
0.908248
0.893061
0.888929
0.914137
1.79769e+308
0.868607
1.79769e+308
0.868843
1.79769e+308
1.79769e+308
