1.79769e+308
1.79769e+308
0.843541
0.843789
0.846418
1.79769e+308
1.79769e+308
0.847118
1.79769e+308
0.813807
0.856201
1.79769e+308
1.79769e+308
1.79769e+308
1.79769e+308
0.849265
1.79769e+308
0.862691
1.79769e+308
0.834325
1.79769e+308
0.81178
0.834012
0.846514
0.822314
0.841711
1.79769e+308
1.79769e+308
1.79769e+308
0.842064
0.875332
0.841752
1.79769e+308
0.82745
0.845203
1.79769e+308
0.833348
0.861572
0.869954
1.79769e+308
0.852995
0.835223
1.79769e+308
0.852375
1.79769e+308
0.921934
0.838187
1.79769e+308
0.841283
0.846801
0.847419
1.79769e+308
1.79769e+308
1.79769e+308
1.79769e+308
0.858484
1.79769e+308
0.862414
1.79769e+308
0.869449
1.79769e+308
0.828435
0.841229
1.79769e+308
0.855458
0.864861
0.866123
1.79769e+308
0.821133
0.848017
0.887775
1.79769e+308
0.847448
0.830288
0.816011
0.87406
0.844236
1.79769e+308
0.839821
0.84048
0.841758
0.845438
1.79769e+308
0.856113
0.854498
1.79769e+308
1.79769e+308
0.856956
0.837018
1.79769e+308
0.859414
0.872037
0.849632
0.831161
0.820398
0.831755
1.79769e+308
0.852245
0.849998
1.79769e+308
0.872156
0.851654
1.79769e+308
1.79769e+308
1.79769e+308
1.79769e+308
0.849856
1.79769e+308
1.79769e+308
1.79769e+308
0.856459
1.79769e+308
1.79769e+308
0.834123
0.87431
0.833859
0.828483
0.849257
1.79769e+308
1.79769e+308
1.79769e+308
1.79769e+308
1.79769e+308
0.850758
1.79769e+308
0.82273
0.85621
0.848183
0.839212
1.79769e+308
0.840674
0.840405
0.855265
0.836615
1.79769e+308
0.821658
0.831895
1.79769e+308
0.845228
0.817311
1.79769e+308
0.833131
1.79769e+308
1.79769e+308
1.79769e+308
0.869114
1.79769e+308
0.846381
1.79769e+308
0.855017
1.79769e+308
0.839374
0.861514
1.79769e+308
0.837465
1.79769e+308
1.79769e+308
0.826949
1.79769e+308
1.79769e+308
0.834603
0.874337
0.841118
1.79769e+308
1.79769e+308
0.864133
0.878952
0.85451
0.845791
0.845003
0.878149
1.79769e+308
1.79769e+308
0.881558
1.79769e+308
0.847263
1.79769e+308
0.86817
0.845755
1.79769e+308
0.855698
0.858594
1.79769e+308
0.838802
0.859369
0.858529
1.79769e+308
0.856505
0.814733
1.79769e+308
0.847874
0.846686
0.854611
0.874568
1.79769e+308
1.79769e+308
0.842024
1.79769e+308
1.79769e+308
0.836735
0.843591
1.79769e+308
0.841231
0.831211
1.79769e+308
0.861445
0.850413
0.837587
1.79769e+308
0.839082
1.79769e+308
1.79769e+308
1.79769e+308
0.868914
0.833573
1.79769e+308
0.848631
1.79769e+308
1.79769e+308
0.883008
0.864355
0.864876
1.79769e+308
0.835014
1.79769e+308
1.79769e+308
0.867338
0.848254
1.79769e+308
1.79769e+308
0.852034
1.79769e+308
1.79769e+308
0.808102
1.79769e+308
1.79769e+308
1.79769e+308
1.79769e+308
0.847501
0.85572
1.79769e+308
0.853377
1.79769e+308
1.79769e+308
0.836301
0.851428
1.79769e+308
0.833684
0.847564
1.79769e+308
1.79769e+308
0.844799
1.79769e+308
1.79769e+308
1.79769e+308
1.79769e+308
1.79769e+308
1.79769e+308
1.79769e+308
1.79769e+308
0.824617
1.79769e+308
1.79769e+308
0.80768
1.79769e+308
1.79769e+308
1.79769e+308
1.79769e+308
1.79769e+308
0.832685
0.863339
1.79769e+308
0.809828
1.79769e+308
0.864857
1.79769e+308
1.79769e+308
0.875577
0.88139
0.831708
1.79769e+308
0.858921
1.79769e+308
1.79769e+308
1.79769e+308
1.79769e+308
1.79769e+308
1.79769e+308
1.79769e+308
1.79769e+308
0.84931
1.79769e+308
0.823431
0.810644
0.847068
0.846805
0.863314
0.866981
1.79769e+308
0.83412
1.79769e+308
0.875318
1.79769e+308
1.79769e+308
1.79769e+308
0.865394
1.79769e+308
1.79769e+308
0.864883
0.887568
0.853405
1.79769e+308
1.79769e+308
0.839288
1.79769e+308
0.846853
1.79769e+308
1.79769e+308
1.79769e+308
0.826161
0.867421
1.79769e+308
0.848224
1.79769e+308
0.861705
0.857467
0.868933
0.848703
0.821784
0.829555
1.79769e+308
1.79769e+308
1.79769e+308
0.853753
1.79769e+308
0.837412
1.79769e+308
1.79769e+308
0.830079
1.79769e+308
0.856174
0.853112
1.79769e+308
1.79769e+308
1.79769e+308
1.79769e+308
1.79769e+308
1.79769e+308
1.79769e+308
1.79769e+308
0.829745
0.825286
0.857475
0.854088
0.835597
0.840883
1.79769e+308
1.79769e+308
0.852671
1.79769e+308
0.83022
1.79769e+308
1.79769e+308
0.828618
0.834514
0.842771
1.79769e+308
0.864757
0.838514
0.832171
0.83983
1.79769e+308
0.872324
0.837816
0.818901
0.812585
1.79769e+308
1.79769e+308
0.820922
1.79769e+308
0.875364
1.79769e+308
0.849683
0.835567
0.853308
1.79769e+308
0.847801
1.79769e+308
0.839155
0.83278
0.869572
0.855665
0.845193
1.79769e+308
1.79769e+308
0.819771
0.855768
0.827898
0.8354
0.85538
1.79769e+308
1.79769e+308
1.79769e+308
1.79769e+308
0.837055
1.79769e+308
1.79769e+308
0.860766
0.861621
0.869315
1.79769e+308
1.79769e+308
0.870362
0.841437
1.79769e+308
0.820936
0.848999
1.79769e+308
0.827932
1.79769e+308
0.83715
0.864615
1.79769e+308
1.79769e+308
1.79769e+308
1.79769e+308
1.79769e+308
1.79769e+308
1.79769e+308
1.79769e+308
1.79769e+308
1.79769e+308
0.824061
0.844148
0.859379
0.864093
1.79769e+308
0.879337
1.79769e+308
0.854063
0.869176
0.857575
0.843512
0.850533
0.846315
1.79769e+308
0.844728
0.852511
0.859488
0.848633
1.79769e+308
0.824089
0.877959
0.847931
1.79769e+308
1.79769e+308
1.79769e+308
1.79769e+308
1.79769e+308
1.79769e+308
1.79769e+308
1.79769e+308
1.79769e+308
0.829597
1.79769e+308
0.835508
0.84474
1.79769e+308
1.79769e+308
1.79769e+308
0.854717
1.79769e+308
0.838355
1.79769e+308
1.79769e+308
1.79769e+308
0.882602
0.849174
1.79769e+308
0.849787
1.79769e+308
1.79769e+308
0.848302
1.79769e+308
0.817232
0.866141
0.830099
1.79769e+308
1.79769e+308
0.837934
1.79769e+308
0.859807
0.870235
1.79769e+308
1.79769e+308
1.79769e+308
0.828861
1.79769e+308
0.847407
0.85816
