4079
3702
3892
4081
4259
4067
4131
4019
4005
4100
4282
4088
4227
4310
4058
4178
4048
4252
4297
4137
4332
4222
4049
3873
4083
4026
4073
4067
3964
4074
4162
4400
4276
4080
3944
4160
4049
4129
3839
4129
4120
3995
4204
4096
4419
4175
4075
4287
4481
4034
4002
4093
4195
4046
4001
3913
4146
4253
4042
4107
4243
4081
4043
4304
4038
4087
4133
4169
4052
3828
3982
4302
4120
4246
4017
4146
4213
4293
4038
4238
4164
4078
4223
4251
3842
4023
4111
4294
3960
3963
4173
4023
3949
4208
4164
3994
3928
4049
4006
4307
