6733
6141
6194
6558
6046
6113
6139
6612
6579
6824
6011
6010
6352
6225
6323
6264
6937
6135
6139
6311
6612
6623
6015
6500
6980
6218
6173
5997
6861
6121
6599
6875
6019
6149
6708
6889
6172
6533
6388
6170
6447
6240
6197
6372
6496
6569
6625
6306
6784
5950
6393
6143
6691
6480
6227
6219
6298
6376
6280
6033
6536
6178
6178
6665
6147
6453
6272
6483
6224
6341
6537
5946
6578
6496
6252
6299
6427
6041
6422
6166
5955
6356
6404
6293
6529
6553
6573
6188
6179
6238
6298
6394
6268
6310
6231
5718
6809
6256
6749
6248
