6800
6759
6776
6722
6668
6796
6859
6836
6847
6884
6720
6981
6755
6823
7010
6927
6779
6791
7060
6911
6775
6831
6952
6788
6855
6821
6923
6784
6852
6878
6924
6862
6878
6876
6827
6898
6813
6829
6824
6878
6855
6922
6923
6988
6772
6865
6903
6867
6705
6846
6852
6941
6974
6939
6928
6879
6882
6651
6767
6903
6838
6970
6818
6707
6947
6851
6910
6706
6878
6761
6943
6851
6978
6980
6833
6953
6722
6938
6856
6832
6901
6888
6963
6889
6953
6927
7024
6919
6857
6698
6727
6697
6910
6743
6946
6599
6987
6852
6854
6793
