5720 5742 5718 5896
5720 5726 5720 5948
5720 5720 5718 5742
5718 5720 5720 5883
5720 5718 5718 5886
5718 5742 5718 5811
5718 5720 5718 6306
5720 5742 5720 6028
5720 5718 5718 6061
5718 5718 5718 5992
5720 5742 5720 6157
5720 5720 5718 6131
5718 5718 5720 6250
5718 5720 5720 6094
5720 5718 5720 6043
5720 5775 5720 6164
5718 5726 5720 5953
5718 5726 5720 6258
5718 5720 5718 6143
5718 5726 5718 6124
5720 5742 5718 5927
5718 5744 5720 5940
5718 5720 5718 6110
5720 5720 5720 5931
5720 5718 5720 5909
5718 5718 5720 5932
5718 5726 5718 6130
5720 5720 5718 6100
5720 5720 5720 5893
5718 5718 5720 6265
5720 5718 5720 6014
5718 5742 5718 6177
5720 5801 5720 5847
5720 5718 5720 5766
5718 5755 5720 5836
5718 5720 5718 6006
5718 5718 5718 5872
5718 5726 5718 6266
5718 5720 5720 6143
5720 5718 5720 5909
5718 5720 5720 5928
5718 5720 5718 6006
5720 5744 5720 6103
5720 5720 5718 6141
5720 5726 5718 6082
5718 5726 5720 6141
5718 5726 5718 6429
5718 5744 5718 6038
5718 5718 5720 6133
5720 5744 5718 6198
