2747 2751 2696 2843
2721 2802 2710 3003
2699 2742 2710 2977
2702 2798 2710 3015
2717 2817 2715 2966
2714 2869 2711 3065
2723 2758 2710 2962
2720 2801 2708 2963
2719 2816 2715 3019
2715 2873 2702 3104
2716 2840 2702 3030
2697 2861 2704 2944
2702 2804 2712 2942
2703 2823 2699 3089
2715 2836 2712 2981
2734 2826 2721 3009
2696 2829 2719 3006
2709 2843 2703 2997
2717 2835 2708 3010
2713 2791 2710 2950
2715 2800 2702 2927
2706 2819 2718 2967
2697 2824 2713 2991
2715 2781 2711 2954
2702 2790 2722 2975
2705 2781 2697 2995
2696 2786 2732 3044
2706 2786 2711 2953
2697 2821 2721 2906
2715 2893 2702 3026
2721 2815 2719 2919
2697 2877 2718 2957
2716 2899 2716 3003
2744 2804 2709 3013
2697 2824 2718 2961
2709 2710 2701 3020
2702 2826 2707 2985
2721 2903 2709 3023
2716 2802 2718 2931
2704 2772 2715 2964
2702 2799 2705 3032
2702 2828 2718 2963
2708 2796 2715 2964
2715 2805 2720 3036
2715 2803 2700 2981
2708 2968 2715 3020
2717 2802 2702 2965
2709 2793 2702 2913
2706 2850 2705 3017
2701 2809 2706 2950
