1720 1728 1737 1896
1727 1757 1728 1938
1724 1709 1733 1903
1724 1718 1733 1923
1720 1737 1723 1933
1740 1720 1740 1899
1717 1748 1739 1923
1732 1741 1721 1880
1731 1729 1719 1883
1751 1731 1722 1899
1714 1736 1742 1885
1721 1727 1715 1889
1730 1729 1717 1912
1714 1729 1721 1878
1722 1718 1722 1884
1730 1731 1738 1938
1714 1734 1728 1905
1726 1723 1724 1903
1729 1720 1723 1909
1720 1720 1710 1938
1726 1736 1726 1932
1709 1714 1728 1915
1729 1721 1724 1888
1723 1717 1742 1924
1718 1722 1714 1901
1718 1727 1724 1926
1709 1725 1717 1895
1711 1717 1731 1886
1709 1734 1720 1891
1727 1722 1723 1869
1742 1723 1734 1902
1722 1729 1730 1943
1720 1710 1720 1913
1754 1720 1716 1886
1738 1728 1716 1906
1728 1745 1722 1896
1716 1726 1710 1930
1741 1725 1734 1888
1728 1745 1717 1875
1725 1722 1728 1896
1722 1721 1707 1877
1726 1713 1727 1897
1732 1746 1711 1878
1723 1731 1711 1953
1728 1734 1713 1874
1728 1712 1735 1856
1719 1732 1724 1893
1728 1746 1742 1855
1746 1737 1738 1880
1729 1726 1720 1897
