6112 6226
6506 6114
6328 7445
6608 5892
6133 6367
6402 5918
6545 5881
6906 6363
6375 5949
6014 6795
6681 6190
6615 6435
6523 5946
6974 6496
6034 6207
7665 6028
7135 6064
6352 6196
6521 6015
6544 6538
6270 5992
6840 5946
6279 6424
7098 6879
6094 6975
7029 5852
7149 6012
6472 6014
6165 5928
6606 7136
7063 6354
6407 6563
6710 6392
6849 6160
6520 6492
6704 6419
6540 6041
6551 5927
6011 5900
7637 5925
6689 6260
6442 6238
6436 6241
6258 5746
6656 6467
7185 5927
6484 5912
7431 6150
6016 6220
7101 6905
