3549 4022
3685 3732
3799 3991
3668 4638
3740 4286
3578 4000
3529 4195
3389 3615
3543 4529
3678 3858
3553 4161
3491 4189
3847 3928
3704 3977
3640 3928
3842 4167
3969 3649
3623 4039
3630 4561
3759 3844
4067 4122
3439 3891
3820 3722
3645 4254
3834 4079
3792 4926
4119 4093
3730 3653
3842 3785
3593 3988
3647 4035
3556 4193
3791 4074
3765 4386
3539 3864
3721 4267
3545 4232
3682 4814
3535 4713
4037 4182
3722 3756
3745 4913
3793 3772
3870 4306
3630 4545
3630 4132
3943 4023
3390 4019
3943 4315
3866 3928
