6073 6633
6155 6581
6333 6448
6518 6446
6665 7062
6498 6617
6585 6555
6268 6484
6474 7004
6172 6395
6206 6681
6666 6737
6065 6469
6235 6914
6345 6386
6788 6264
6400 6759
6505 6862
6682 6661
6274 6797
6874 7263
6987 6327
6364 6945
6335 7079
6240 7202
6336 6682
6387 6851
6477 6755
6505 6927
6508 6687
6348 6402
7016 7008
6687 6233
6602 6527
6691 6757
6637 6616
6277 7074
6358 6038
6913 6624
6206 6244
6567 6640
7033 6387
6371 6732
6731 6830
6548 6364
6340 6736
6538 7126
6282 6687
6419 7038
6332 6648
