0.199397 1.47428
0.541214 0.853063
0.204592 1.62165
0.364018 1.17792
0.327308 1.08216
0.347143 0.656495
0.393407 0.960338
0.14673 0.254477
0.591666 1.54323
0.163617 0.938468
0.43348 1.19357
0.486459 0.978007
0.539835 0.25334
0.509971 0.716108
0.175103 1.40129
0.872332 0.884096
0.236191 0.730215
0.212611 0.757909
0.209793 0.825224
0.194807 0.869634
0.637346 0.932111
0.256913 0.558649
0.180528 0.878391
1.09745 0.214352
0.415996 0.490529
0.458653 0.563729
0.189255 0.659079
0.145237 1.40249
0.207682 0.762229
0.449624 1.10332
0.586646 0.166323
0.426834 1.52498
0.297817 0.957313
0.159169 2.36055
0.485776 0.904363
0.227738 0.769536
0.462192 0.880079
1.98324 0.174196
0.229157 0.615945
0.748342 0.717827
0.732338 0.166254
0.552704 0.843275
0.408804 0.803776
0.585402 0.270287
1.26354 1.35438
0.486567 0.661711
0.24557 1.47606
0.274591 1.60375
1.05309 0.899755
0.603983 1.41415
