0.0768662 0.0276819
0.0419797 0.0305478
0.030277 0.0190365
0.0632209 0.0269988
0.0175707 0.0239007
0.0537477 0.0454297
0.0469292 0.0233166
0.0428691 0.042697
0.0287792 0.0201418
0.0179021 0.0543672
0.0571331 0.0177281
0.0523193 0.024825
0.041071 0.067083
0.0252067 0.0514651
0.0283951 0.0347228
0.0385634 0.0210389
0.0450747 0.02678
0.0657749 0.0188976
0.0298984 0.0634247
0.0384582 0.0389082
0.09405 0.0325456
0.0407067 0.057821
0.0400273 0.0393852
0.0285579 0.0206541
0.0307467 0.0357583
0.0560488 0.0328114
0.0453377 0.0696401
0.112463 0.0250485
0.0451703 0.042283
0.0385161 0.081065
0.0871422 0.0306264
0.0214896 0.0245605
0.0178299 0.0282664
0.0376592 0.0184635
0.0252541 0.0302867
0.0349976 0.057007
0.0372557 0.0208496
0.0471305 0.0184745
0.0677274 0.0184815
0.0557727 0.0662098
0.0334815 0.029386
0.0509199 0.0204515
0.057144 0.0179413
0.06144 0.0444437
0.0334943 0.0262733
0.0462949 0.0244377
0.0411703 0.0391444
0.0357695 0.033023
0.0616528 0.0402838
0.0259097 0.0413068
