43.3503 48.7808
68.4529 58.7232
8.26007 44.2673
11.3093 13.5568
12.2294 99.0078
49.5353 60.6098
64.9461 58.3761
34.2495 8.54001
19.0395 10.456
14.3544 81.3976
40.7406 46.4229
68.4389 13.6515
38.7199 62.5254
15.7337 37.8022
46.9141 64.9551
22.7669 64.2686
14.8524 111.403
25.9364 41.7573
25.8564 16.2524
11.9332 82.0708
16.7137 18.1002
26.8427 45.5682
19.119 32.1687
15.0065 20.6025
32.9295 39.6087
57.6375 22.7923
37.9767 22.4464
42.2331 111.533
31.4022 46.4901
51.7346 56.0923
42.5644 24.2903
16.9333 97.5219
17.5484 24.5726
39.3951 70.418
22.9435 40.5688
72.3602 11.5973
75.7018 35.0154
44.9487 29.8331
18.665 76.634
24.156 30.6667
12.2035 49.8562
31.5484 62.5687
47.145 55.6374
26.4603 57.7407
26.5237 55.7785
23.052 34.94
13.0821 15.5676
29.216 46.1018
9.86773 25.1649
20.212 45.3497
